INDEX Ι 191

. , 1 12⁸3- , paz·
11510. 19. 90. 99 9οζ · 1.1.6 104
..aa · m - &9 lffi 5 ·
6. 90. 91. 93 91 · 11 106 ’
7.1 “ 91 · ,19. 90
41 · w& 19 ffiwe
90. 93. 97 93 sq. 4 106
’ 99 95 7,10 107
33 ’ 13.,95 1913199094 108. 93
34. 35 95 96. 38 199
37. 40. 49 96 ¹ 54. 57 93. 119
w ·9 ‘ 38 ,23
19 . ww· , ω m
53 100 69 151
55. 58. 6069 ’ 71 53110
’ 79 103
73 ’110
Adelphi 85 93
I 1. 3. 19 84. 99 111

11 3.5sq. - 3.8 ’ 111

ΙΙΙ 9. 90 19 119 ’
96 11. 18 93

4. 90 4, 9. 15 119
96 · 17. 94. 30 113
IV 9. 34 33. 34 114
37 ’, 37 146
V 3.8 , II 1. 4. 90 114
91305057. 69 115
, 9. 8. 10 ’ 116. 151
Hecyra ' 12 93
Prol. I 7 18. 97. 99 116
19. 99 , · 3. 3. 5 93.1]7.159
11111 ’ 7 14
. 45 8.10 117
’ ΙΙΙ 15 11. 19 118
17 ’ · 13. 14 119
3.5 15. 16 190. 90
IV 4. 91 · 18. 19 191. 14. 94
119 991 lma
99. 93. 94. 95 194. 94
96. 97. 98 195. 94
Phormio 30, 35 126
Pr01.20. 93 36. 38 197
96 43. 46. 43. 51-59.
34 69. 64-68. 70.
11.1 79. 75. 79 198
9 73 198. 90

 

